# Phonon Mode Frequency List
# Format: q_index mode_index qpoint_x qpoint_y qpoint_z frequency_THz frequency_cm-1 filename
#================================================================================
  0   0   0.0000   0.0000   0.0000    -6.0487  -201.7638 q0_mode0.vasp
  0   1   0.0000   0.0000   0.0000    -6.0487  -201.7638 q0_mode1.vasp
  0   2   0.0000   0.0000   0.0000    -6.0487  -201.7638 q0_mode2.vasp
  0   3   0.0000   0.0000   0.0000    -0.0000    -0.0000 q0_mode3.vasp
  0   4   0.0000   0.0000   0.0000     0.0000     0.0000 q0_mode4.vasp
  0   5   0.0000   0.0000   0.0000     0.0000     0.0000 q0_mode5.vasp
  0   6   0.0000   0.0000   0.0000     5.3224   177.5366 q0_mode6.vasp
  0   7   0.0000   0.0000   0.0000     5.3224   177.5366 q0_mode7.vasp
  0   8   0.0000   0.0000   0.0000     5.3224   177.5366 q0_mode8.vasp
  0   9   0.0000   0.0000   0.0000     8.5335   284.6485 q0_mode9.vasp
  0  10   0.0000   0.0000   0.0000     8.5335   284.6485 q0_mode10.vasp
  0  11   0.0000   0.0000   0.0000     8.5335   284.6485 q0_mode11.vasp
  0  12   0.0000   0.0000   0.0000    13.9081   463.9250 q0_mode12.vasp
  0  13   0.0000   0.0000   0.0000    13.9081   463.9250 q0_mode13.vasp
  0  14   0.0000   0.0000   0.0000    13.9081   463.9250 q0_mode14.vasp
  1   0   0.0000   0.0000   0.5000    -4.8804  -162.7919 q1_mode0.vasp
  1   1   0.0000   0.0000   0.5000    -4.8804  -162.7919 q1_mode1.vasp
  1   2   0.0000   0.0000   0.5000     3.3171   110.6471 q1_mode2.vasp
  1   3   0.0000   0.0000   0.5000     3.3171   110.6471 q1_mode3.vasp
  1   4   0.0000   0.0000   0.5000     4.6550   155.2727 q1_mode4.vasp
  1   5   0.0000   0.0000   0.5000     6.0282   201.0777 q1_mode5.vasp
  1   6   0.0000   0.0000   0.5000     6.0282   201.0777 q1_mode6.vasp
  1   7   0.0000   0.0000   0.5000     8.4478   281.7898 q1_mode7.vasp
  1   8   0.0000   0.0000   0.5000     9.8687   329.1853 q1_mode8.vasp
  1   9   0.0000   0.0000   0.5000    10.1483   338.5105 q1_mode9.vasp
  1  10   0.0000   0.0000   0.5000    10.1483   338.5105 q1_mode10.vasp
  1  11   0.0000   0.0000   0.5000    12.9610   432.3340 q1_mode11.vasp
  1  12   0.0000   0.0000   0.5000    12.9610   432.3340 q1_mode12.vasp
  1  13   0.0000   0.0000   0.5000    17.3048   577.2276 q1_mode13.vasp
  1  14   0.0000   0.0000   0.5000    21.4201   714.4974 q1_mode14.vasp
  2   0   0.0000   0.5000   0.0000    -4.8804  -162.7919 q2_mode0.vasp
  2   1   0.0000   0.5000   0.0000    -4.8804  -162.7919 q2_mode1.vasp
  2   2   0.0000   0.5000   0.0000     3.3171   110.6471 q2_mode2.vasp
  2   3   0.0000   0.5000   0.0000     3.3171   110.6471 q2_mode3.vasp
  2   4   0.0000   0.5000   0.0000     4.6550   155.2727 q2_mode4.vasp
  2   5   0.0000   0.5000   0.0000     6.0282   201.0777 q2_mode5.vasp
  2   6   0.0000   0.5000   0.0000     6.0282   201.0777 q2_mode6.vasp
  2   7   0.0000   0.5000   0.0000     8.4478   281.7898 q2_mode7.vasp
  2   8   0.0000   0.5000   0.0000     9.8687   329.1853 q2_mode8.vasp
  2   9   0.0000   0.5000   0.0000    10.1483   338.5105 q2_mode9.vasp
  2  10   0.0000   0.5000   0.0000    10.1483   338.5105 q2_mode10.vasp
  2  11   0.0000   0.5000   0.0000    12.9610   432.3340 q2_mode11.vasp
  2  12   0.0000   0.5000   0.0000    12.9610   432.3340 q2_mode12.vasp
  2  13   0.0000   0.5000   0.0000    17.3048   577.2276 q2_mode13.vasp
  2  14   0.0000   0.5000   0.0000    21.4201   714.4974 q2_mode14.vasp
  3   0   0.0000   0.5000   0.5000    -3.9928  -133.1857 q3_mode0.vasp
  3   1   0.0000   0.5000   0.5000     3.0079   100.3313 q3_mode1.vasp
  3   2   0.0000   0.5000   0.5000     3.0079   100.3313 q3_mode2.vasp
  3   3   0.0000   0.5000   0.5000     3.3028   110.1704 q3_mode3.vasp
  3   4   0.0000   0.5000   0.5000     5.9079   197.0665 q3_mode4.vasp
  3   5   0.0000   0.5000   0.5000     8.4982   283.4695 q3_mode5.vasp
  3   6   0.0000   0.5000   0.5000     8.4982   283.4695 q3_mode6.vasp
  3   7   0.0000   0.5000   0.5000    10.4145   347.3897 q3_mode7.vasp
  3   8   0.0000   0.5000   0.5000    10.5430   351.6768 q3_mode8.vasp
  3   9   0.0000   0.5000   0.5000    10.5896   353.2295 q3_mode9.vasp
  3  10   0.0000   0.5000   0.5000    10.5896   353.2295 q3_mode10.vasp
  3  11   0.0000   0.5000   0.5000    13.3902   446.6484 q3_mode11.vasp
  3  12   0.0000   0.5000   0.5000    13.3902   446.6484 q3_mode12.vasp
  3  13   0.0000   0.5000   0.5000    13.9911   466.6934 q3_mode13.vasp
  3  14   0.0000   0.5000   0.5000    22.0658   736.0359 q3_mode14.vasp
  4   0   0.5000   0.0000   0.0000    -4.8804  -162.7919 q4_mode0.vasp
  4   1   0.5000   0.0000   0.0000    -4.8804  -162.7919 q4_mode1.vasp
  4   2   0.5000   0.0000   0.0000     3.3171   110.6471 q4_mode2.vasp
  4   3   0.5000   0.0000   0.0000     3.3171   110.6471 q4_mode3.vasp
  4   4   0.5000   0.0000   0.0000     4.6550   155.2727 q4_mode4.vasp
  4   5   0.5000   0.0000   0.0000     6.0282   201.0777 q4_mode5.vasp
  4   6   0.5000   0.0000   0.0000     6.0282   201.0777 q4_mode6.vasp
  4   7   0.5000   0.0000   0.0000     8.4478   281.7898 q4_mode7.vasp
  4   8   0.5000   0.0000   0.0000     9.8687   329.1853 q4_mode8.vasp
  4   9   0.5000   0.0000   0.0000    10.1483   338.5105 q4_mode9.vasp
  4  10   0.5000   0.0000   0.0000    10.1483   338.5105 q4_mode10.vasp
  4  11   0.5000   0.0000   0.0000    12.9610   432.3340 q4_mode11.vasp
  4  12   0.5000   0.0000   0.0000    12.9610   432.3340 q4_mode12.vasp
  4  13   0.5000   0.0000   0.0000    17.3048   577.2276 q4_mode13.vasp
  4  14   0.5000   0.0000   0.0000    21.4201   714.4974 q4_mode14.vasp
  5   0   0.5000   0.0000   0.5000    -3.9928  -133.1857 q5_mode0.vasp
  5   1   0.5000   0.0000   0.5000     3.0079   100.3313 q5_mode1.vasp
  5   2   0.5000   0.0000   0.5000     3.0079   100.3313 q5_mode2.vasp
  5   3   0.5000   0.0000   0.5000     3.3028   110.1704 q5_mode3.vasp
  5   4   0.5000   0.0000   0.5000     5.9079   197.0665 q5_mode4.vasp
  5   5   0.5000   0.0000   0.5000     8.4982   283.4695 q5_mode5.vasp
  5   6   0.5000   0.0000   0.5000     8.4982   283.4695 q5_mode6.vasp
  5   7   0.5000   0.0000   0.5000    10.4145   347.3897 q5_mode7.vasp
  5   8   0.5000   0.0000   0.5000    10.5430   351.6768 q5_mode8.vasp
  5   9   0.5000   0.0000   0.5000    10.5896   353.2295 q5_mode9.vasp
  5  10   0.5000   0.0000   0.5000    10.5896   353.2295 q5_mode10.vasp
  5  11   0.5000   0.0000   0.5000    13.3902   446.6484 q5_mode11.vasp
  5  12   0.5000   0.0000   0.5000    13.3902   446.6484 q5_mode12.vasp
  5  13   0.5000   0.0000   0.5000    13.9911   466.6934 q5_mode13.vasp
  5  14   0.5000   0.0000   0.5000    22.0658   736.0359 q5_mode14.vasp
  6   0   0.5000   0.5000   0.0000    -3.9928  -133.1857 q6_mode0.vasp
  6   1   0.5000   0.5000   0.0000     3.0079   100.3313 q6_mode1.vasp
  6   2   0.5000   0.5000   0.0000     3.0079   100.3313 q6_mode2.vasp
  6   3   0.5000   0.5000   0.0000     3.3028   110.1704 q6_mode3.vasp
  6   4   0.5000   0.5000   0.0000     5.9079   197.0665 q6_mode4.vasp
  6   5   0.5000   0.5000   0.0000     8.4982   283.4695 q6_mode5.vasp
  6   6   0.5000   0.5000   0.0000     8.4982   283.4695 q6_mode6.vasp
  6   7   0.5000   0.5000   0.0000    10.4145   347.3897 q6_mode7.vasp
  6   8   0.5000   0.5000   0.0000    10.5430   351.6768 q6_mode8.vasp
  6   9   0.5000   0.5000   0.0000    10.5896   353.2295 q6_mode9.vasp
  6  10   0.5000   0.5000   0.0000    10.5896   353.2295 q6_mode10.vasp
  6  11   0.5000   0.5000   0.0000    13.3902   446.6484 q6_mode11.vasp
  6  12   0.5000   0.5000   0.0000    13.3902   446.6484 q6_mode12.vasp
  6  13   0.5000   0.5000   0.0000    13.9911   466.6934 q6_mode13.vasp
  6  14   0.5000   0.5000   0.0000    22.0658   736.0359 q6_mode14.vasp
  7   0   0.5000   0.5000   0.5000     4.0528   135.1880 q7_mode0.vasp
  7   1   0.5000   0.5000   0.5000     4.0528   135.1880 q7_mode1.vasp
  7   2   0.5000   0.5000   0.5000     4.0528   135.1880 q7_mode2.vasp
  7   3   0.5000   0.5000   0.5000     5.6432   188.2381 q7_mode3.vasp
  7   4   0.5000   0.5000   0.5000     5.6432   188.2381 q7_mode4.vasp
  7   5   0.5000   0.5000   0.5000     5.6432   188.2381 q7_mode5.vasp
  7   6   0.5000   0.5000   0.5000    10.4717   349.2995 q7_mode6.vasp
  7   7   0.5000   0.5000   0.5000    10.4717   349.2995 q7_mode7.vasp
  7   8   0.5000   0.5000   0.5000    11.9700   399.2769 q7_mode8.vasp
  7   9   0.5000   0.5000   0.5000    11.9700   399.2769 q7_mode9.vasp
  7  10   0.5000   0.5000   0.5000    11.9700   399.2769 q7_mode10.vasp
  7  11   0.5000   0.5000   0.5000    12.6583   422.2368 q7_mode11.vasp
  7  12   0.5000   0.5000   0.5000    12.6583   422.2368 q7_mode12.vasp
  7  13   0.5000   0.5000   0.5000    12.6583   422.2368 q7_mode13.vasp
  7  14   0.5000   0.5000   0.5000    22.8352   761.7014 q7_mode14.vasp
